layerName,meanMobileTimings,varMobileTimings,meanTransmitTimings,varTransmitTimings,meanServerTimings,varServerTimings,meanEnd2EndTimings,varEnd2EndTimings
Placeholder,8.137130801687764,7.574022147447881,30.084051724137932,51.35715944560048,9.322645290581162,71.84980783209704,57.122244488977955,707.8588037799044
conv3_1,	55.31578947368421,	51.79501385041551,	65.15789473684211,	774.2382271468144,	6.631578947368421,	64.86426592797783,	124.84210526315789,	1380.3434903047093
conv3_1,	49.26315789473684,	8.614958448753464,	335.6,	46508.03999999999,	31.55,	392.84749999999997,	418.1,	54324.29
conv1_1,	29.0,	16.0,	418.0,	19321.0,	5.5,	0.25,	454.5,	18360.25
conv1_1,	16.0,	1.0,	251.0,	64.0,	5.5,	0.25,	273.5,	72.25
conv1_1,	nan,	nan,	153.4,	1376.64,	30.2,	51.760000000000005,	200.6,	1250.6399999999999
conv1_1,	23.5,	6.25,	322.5,	10100.25,	853.5,	709806.25,	1200.5,	893970.25
conv1_1,	-1.0,	0.0,	0.3617021276595745,	128.1457673155274,	-0.8052631578947368,	1.4094459833795019,	0.9627659574468085,	243.96137958352193
conv1_1,	16.842105263157894,	1.080332409972299,	103.52631578947368,	692.1440443213296,	12.473684210526315,	88.98614958448752,	129.83333333333334,	465.80555555555554
Placeholder,	7.473684210526316,	0.775623268698061,	12.842105263157896,	23.92243767313019,	7.473684210526316,	14.565096952908588,	28.736842105263158,	54.40443213296398
Placeholder,	6.7894736842105265,	0.6925207756232685,	10.210526315789474,	2.4819944598337957,	6.947368421052632,	15.102493074792248,	25.57894736842105,	23.29639889196676
Placeholder,	6.7894736842105265,	0.5872576177285317,	10.421052631578947,	2.664819944598338,	7.631578947368421,	14.54847645429363,	26.210526315789473,	19.850415512465375
Placeholder,	6.222222222222222,	0.1728395061728395,	9.894736842105264,	2.936288088642659,	5.444444444444445,	1.4691358024691359,	23.11111111111111,	10.654320987654321
conv1_1,	19.333333333333332,	2.666666666666667,	2780.6,	4554.24,	10.666666666666666,	56.8888888888889,	2799.3333333333335,	3687.1111111111113
